Temperature (K)	Pressure (atm)	Density (kg/m3)	Volume (m3/kg)	Internal Energy (kJ/kg)	Enthalpy (kJ/kg)	Entropy (J/g*K)	Cv (J/g*K)	Cp (J/g*K)	Sound Spd. (m/s)	Joule-Thomson (F/atm)	Viscosity (Pa*s)	Therm. Cond. (W/m*K)	Phase
223.15	1.0000	0.11002	9.0895	1951.0	2872.0	49.299	9.6869	13.815	1146.5	-0.024872	7.3098e-06	0.14584	vapor
224.03	1.0000	0.10959	9.1253	1959.5	2884.1	49.354	9.6960	13.824	1148.6	-0.025518	7.3296e-06	0.14633	vapor
224.91	1.0000	0.10916	9.1612	1968.0	2896.3	49.408	9.7050	13.833	1150.7	-0.026157	7.3493e-06	0.14683	vapor
225.79	1.0000	0.10873	9.1970	1976.6	2908.5	49.462	9.7139	13.842	1152.8	-0.026789	7.3691e-06	0.14733	vapor
226.67	1.0000	0.10831	9.2328	1985.1	2920.7	49.516	9.7227	13.851	1154.9	-0.027415	7.3888e-06	0.14782	vapor
227.55	1.0000	0.10789	9.2687	1993.7	2932.8	49.569	9.7313	13.860	1156.9	-0.028035	7.4085e-06	0.14832	vapor
228.43	1.0000	0.10747	9.3045	2002.3	2945.0	49.623	9.7399	13.868	1159.0	-0.028648	7.4281e-06	0.14881	vapor
229.31	1.0000	0.10706	9.3403	2010.8	2957.3	49.676	9.7484	13.877	1161.1	-0.029255	7.4478e-06	0.14931	vapor
230.19	1.0000	0.10665	9.3762	2019.4	2969.5	49.729	9.7568	13.885	1163.2	-0.029856	7.4674e-06	0.14980	vapor
231.07	1.0000	0.10625	9.4120	2028.0	2981.7	49.782	9.7651	13.893	1165.2	-0.030450	7.4870e-06	0.15029	vapor
231.95	1.0000	0.10584	9.4478	2036.6	2993.9	49.835	9.7733	13.901	1167.3	-0.031039	7.5065e-06	0.15078	vapor
232.83	1.0000	0.10544	9.4837	2045.2	3006.2	49.888	9.7814	13.909	1169.4	-0.031621	7.5261e-06	0.15126	vapor
233.71	1.0000	0.10505	9.5195	2053.8	3018.4	49.940	9.7894	13.917	1171.4	-0.032198	7.5456e-06	0.15175	vapor
234.59	1.0000	0.10465	9.5553	2062.5	3030.7	49.993	9.7974	13.925	1173.5	-0.032769	7.5651e-06	0.15224	vapor
235.47	1.0000	0.10426	9.5912	2071.1	3042.9	50.045	9.8052	13.933	1175.5	-0.033334	7.5845e-06	0.15273	vapor
236.35	1.0000	0.10387	9.6270	2079.7	3055.2	50.097	9.8129	13.941	1177.6	-0.033894	7.6040e-06	0.15321	vapor
237.23	1.0000	0.10349	9.6629	2088.4	3067.4	50.149	9.8206	13.948	1179.7	-0.034448	7.6234e-06	0.15370	vapor
238.11	1.0000	0.10311	9.6987	2097.0	3079.7	50.200	9.8282	13.956	1181.7	-0.034997	7.6428e-06	0.15419	vapor
238.99	1.0000	0.10273	9.7345	2105.7	3092.0	50.252	9.8357	13.963	1183.7	-0.035540	7.6621e-06	0.15468	vapor
239.87	1.0000	0.10235	9.7704	2114.3	3104.3	50.303	9.8431	13.971	1185.8	-0.036079	7.6815e-06	0.15516	vapor
240.75	1.0000	0.10198	9.8062	2123.0	3116.6	50.354	9.8504	13.978	1187.8	-0.036611	7.7008e-06	0.15564	vapor
241.63	1.0000	0.10161	9.8420	2131.7	3128.9	50.405	9.8576	13.985	1189.9	-0.037139	7.7201e-06	0.15611	vapor
242.51	1.0000	0.10124	9.8779	2140.3	3141.2	50.456	9.8648	13.992	1191.9	-0.037662	7.7394e-06	0.15658	vapor
243.39	1.0000	0.10087	9.9137	2149.0	3153.5	50.507	9.8718	13.999	1193.9	-0.038179	7.7586e-06	0.15705	vapor
244.27	1.0000	0.10051	9.9495	2157.7	3165.8	50.557	9.8788	14.006	1196.0	-0.038692	7.7779e-06	0.15752	vapor
245.15	1.0000	0.10015	9.9854	2166.4	3178.2	50.608	9.8857	14.013	1198.0	-0.039200	7.7971e-06	0.15799	vapor
246.03	1.0000	0.099789	10.021	2175.1	3190.5	50.658	9.8925	14.020	1200.0	-0.039703	7.8163e-06	0.15846	vapor
246.91	1.0000	0.099433	10.057	2183.8	3202.9	50.708	9.8993	14.027	1202.0	-0.040201	7.8354e-06	0.15893	vapor
247.79	1.0000	0.099080	10.093	2192.5	3215.2	50.758	9.9060	14.033	1204.1	-0.040695	7.8546e-06	0.15940	vapor
248.67	1.0000	0.098730	10.129	2201.3	3227.6	50.808	9.9126	14.040	1206.1	-0.041184	7.8737e-06	0.15987	vapor
249.55	1.0000	0.098381	10.165	2210.0	3239.9	50.857	9.9191	14.046	1208.1	-0.041668	7.8928e-06	0.16035	vapor
250.43	1.0000	0.098036	10.200	2218.7	3252.3	50.907	9.9255	14.053	1210.1	-0.042148	7.9119e-06	0.16081	vapor
251.31	1.0000	0.097693	10.236	2227.5	3264.6	50.956	9.9319	14.059	1212.1	-0.042623	7.9309e-06	0.16128	vapor
252.19	1.0000	0.097352	10.272	2236.2	3277.0	51.005	9.9382	14.065	1214.1	-0.043095	7.9499e-06	0.16174	vapor
253.07	1.0000	0.097013	10.308	2245.0	3289.4	51.054	9.9444	14.072	1216.1	-0.043561	7.9690e-06	0.16220	vapor
253.95	1.0000	0.096677	10.344	2253.7	3301.8	51.103	9.9505	14.078	1218.1	-0.044024	7.9879e-06	0.16266	vapor
254.83	1.0000	0.096344	10.380	2262.5	3314.2	51.152	9.9566	14.084	1220.1	-0.044482	8.0069e-06	0.16313	vapor
255.71	1.0000	0.096012	10.415	2271.2	3326.6	51.201	9.9626	14.090	1222.1	-0.044936	8.0258e-06	0.16359	vapor
256.59	1.0000	0.095683	10.451	2280.0	3339.0	51.249	9.9685	14.096	1224.1	-0.045386	8.0448e-06	0.16405	vapor
257.47	1.0000	0.095356	10.487	2288.8	3351.4	51.297	9.9744	14.101	1226.1	-0.045832	8.0637e-06	0.16451	vapor
258.35	1.0000	0.095031	10.523	2297.6	3363.8	51.345	9.9801	14.107	1228.1	-0.046274	8.0825e-06	0.16498	vapor
259.23	1.0000	0.094709	10.559	2306.4	3376.2	51.393	9.9859	14.113	1230.0	-0.046712	8.1014e-06	0.16544	vapor
260.11	1.0000	0.094389	10.594	2315.1	3388.6	51.441	9.9915	14.118	1232.0	-0.047146	8.1202e-06	0.16590	vapor
260.99	1.0000	0.094070	10.630	2323.9	3401.1	51.489	9.9971	14.124	1234.0	-0.047577	8.1391e-06	0.16636	vapor
261.87	1.0000	0.093754	10.666	2332.7	3413.5	51.536	10.003	14.130	1236.0	-0.048003	8.1578e-06	0.16681	vapor
262.75	1.0000	0.093441	10.702	2341.5	3425.9	51.584	10.008	14.135	1238.0	-0.048426	8.1766e-06	0.16727	vapor
263.63	1.0000	0.093129	10.738	2350.4	3438.4	51.631	10.013	14.140	1239.9	-0.048845	8.1954e-06	0.16772	vapor
264.51	1.0000	0.092819	10.774	2359.2	3450.8	51.678	10.019	14.146	1241.9	-0.049261	8.2141e-06	0.16817	vapor
265.39	1.0000	0.092511	10.809	2368.0	3463.3	51.725	10.024	14.151	1243.9	-0.049672	8.2328e-06	0.16863	vapor
266.27	1.0000	0.092206	10.845	2376.8	3475.7	51.772	10.029	14.156	1245.8	-0.050081	8.2515e-06	0.16908	vapor
267.15	1.0000	0.091902	10.881	2385.6	3488.2	51.819	10.034	14.161	1247.8	-0.050485	8.2702e-06	0.16954	vapor
268.03	1.0000	0.091601	10.917	2394.5	3500.6	51.865	10.039	14.166	1249.8	-0.050886	8.2888e-06	0.16999	vapor
268.91	1.0000	0.091301	10.953	2403.3	3513.1	51.912	10.044	14.171	1251.7	-0.051284	8.3074e-06	0.17045	vapor
269.79	1.0000	0.091003	10.989	2412.2	3525.6	51.958	10.049	14.176	1253.7	-0.051679	8.3261e-06	0.17090	vapor
270.67	1.0000	0.090707	11.024	2421.0	3538.1	52.004	10.054	14.181	1255.6	-0.052070	8.3446e-06	0.17135	vapor
271.55	1.0000	0.090414	11.060	2429.9	3550.5	52.050	10.059	14.186	1257.6	-0.052457	8.3632e-06	0.17178	vapor
272.43	1.0000	0.090122	11.096	2438.7	3563.0	52.096	10.064	14.190	1259.5	-0.052842	8.3818e-06	0.17222	vapor
273.31	1.0000	0.089832	11.132	2447.6	3575.5	52.142	10.069	14.195	1261.5	-0.053223	8.4003e-06	0.17266	vapor
274.19	1.0000	0.089543	11.168	2456.4	3588.0	52.188	10.073	14.200	1263.4	-0.053601	8.4188e-06	0.17310	vapor
275.07	1.0000	0.089257	11.204	2465.3	3600.5	52.233	10.078	14.204	1265.3	-0.053976	8.4373e-06	0.17353	vapor
275.95	1.0000	0.088972	11.239	2474.2	3613.0	52.278	10.082	14.209	1267.3	-0.054348	8.4558e-06	0.17397	vapor
276.83	1.0000	0.088690	11.275	2483.0	3625.5	52.324	10.087	14.213	1269.2	-0.054716	8.4742e-06	0.17441	vapor
277.71	1.0000	0.088409	11.311	2491.9	3638.0	52.369	10.091	14.218	1271.1	-0.055082	8.4926e-06	0.17485	vapor
278.59	1.0000	0.088130	11.347	2500.8	3650.5	52.414	10.096	14.222	1273.1	-0.055445	8.5110e-06	0.17529	vapor
279.47	1.0000	0.087852	11.383	2509.7	3663.1	52.459	10.100	14.226	1275.0	-0.055804	8.5294e-06	0.17572	vapor
280.35	1.0000	0.087577	11.419	2518.6	3675.6	52.503	10.104	14.230	1276.9	-0.056161	8.5478e-06	0.17616	vapor
281.23	1.0000	0.087303	11.454	2527.5	3688.1	52.548	10.108	14.235	1278.8	-0.056515	8.5662e-06	0.17660	vapor
282.11	1.0000	0.087030	11.490	2536.4	3700.6	52.593	10.112	14.239	1280.8	-0.056866	8.5845e-06	0.17704	vapor
282.99	1.0000	0.086760	11.526	2545.3	3713.2	52.637	10.117	14.243	1282.7	-0.057214	8.6028e-06	0.17748	vapor
283.87	1.0000	0.086491	11.562	2554.2	3725.7	52.681	10.121	14.247	1284.6	-0.057559	8.6211e-06	0.17792	vapor
284.75	1.0000	0.086224	11.598	2563.1	3738.2	52.725	10.125	14.251	1286.5	-0.057902	8.6394e-06	0.17835	vapor
285.63	1.0000	0.085958	11.634	2572.0	3750.8	52.769	10.128	14.255	1288.4	-0.058241	8.6576e-06	0.17879	vapor
286.51	1.0000	0.085694	11.669	2580.9	3763.3	52.813	10.132	14.259	1290.3	-0.058579	8.6759e-06	0.17923	vapor
287.39	1.0000	0.085432	11.705	2589.8	3775.9	52.857	10.136	14.262	1292.2	-0.058913	8.6941e-06	0.17967	vapor
288.27	1.0000	0.085171	11.741	2598.8	3788.4	52.900	10.140	14.266	1294.1	-0.059245	8.7123e-06	0.18011	vapor
289.15	1.0000	0.084912	11.777	2607.7	3801.0	52.944	10.144	14.270	1296.0	-0.059574	8.7305e-06	0.18055	vapor
290.03	1.0000	0.084655	11.813	2616.6	3813.5	52.987	10.147	14.274	1297.9	-0.059900	8.7486e-06	0.18099	vapor
290.91	1.0000	0.084399	11.849	2625.6	3826.1	53.030	10.151	14.277	1299.8	-0.060224	8.7668e-06	0.18141	vapor
291.79	1.0000	0.084144	11.884	2634.5	3838.7	53.074	10.155	14.281	1301.7	-0.060546	8.7849e-06	0.18183	vapor
292.67	1.0000	0.083891	11.920	2643.4	3851.2	53.117	10.158	14.284	1303.6	-0.060865	8.8030e-06	0.18225	vapor
293.55	1.0000	0.083640	11.956	2652.4	3863.8	53.160	10.162	14.288	1305.5	-0.061181	8.8211e-06	0.18267	vapor
294.43	1.0000	0.083390	11.992	2661.3	3876.4	53.202	10.165	14.291	1307.4	-0.061495	8.8392e-06	0.18309	vapor
295.31	1.0000	0.083142	12.028	2670.3	3889.0	53.245	10.168	14.295	1309.3	-0.061807	8.8572e-06	0.18352	vapor
296.19	1.0000	0.082895	12.063	2679.2	3901.5	53.287	10.172	14.298	1311.2	-0.062116	8.8753e-06	0.18394	vapor
297.07	1.0000	0.082649	12.099	2688.2	3914.1	53.330	10.175	14.301	1313.1	-0.062423	8.8933e-06	0.18436	vapor
297.95	1.0000	0.082405	12.135	2697.1	3926.7	53.372	10.178	14.304	1315.0	-0.062727	8.9113e-06	0.18478	vapor
298.83	1.0000	0.082163	12.171	2706.1	3939.3	53.414	10.182	14.308	1316.8	-0.063029	8.9292e-06	0.18520	vapor
299.71	1.0000	0.081922	12.207	2715.0	3951.9	53.456	10.185	14.311	1318.7	-0.063329	8.9472e-06	0.18563	vapor
300.59	1.0000	0.081682	12.243	2724.0	3964.5	53.498	10.188	14.314	1320.6	-0.063627	8.9652e-06	0.18605	vapor
301.47	1.0000	0.081444	12.278	2733.0	3977.1	53.540	10.191	14.317	1322.5	-0.063922	8.9831e-06	0.18647	vapor
302.35	1.0000	0.081207	12.314	2741.9	3989.7	53.582	10.194	14.320	1324.3	-0.064216	9.0010e-06	0.18689	vapor
303.23	1.0000	0.080971	12.350	2750.9	4002.3	53.624	10.197	14.323	1326.2	-0.064506	9.0189e-06	0.18731	vapor
304.11	1.0000	0.080737	12.386	2759.9	4014.9	53.665	10.200	14.326	1328.1	-0.064795	9.0368e-06	0.18774	vapor
304.99	1.0000	0.080504	12.422	2768.9	4027.5	53.707	10.203	14.329	1329.9	-0.065082	9.0546e-06	0.18816	vapor
305.87	1.0000	0.080273	12.458	2777.8	4040.1	53.748	10.206	14.332	1331.8	-0.065366	9.0725e-06	0.18858	vapor
306.75	1.0000	0.080042	12.493	2786.8	4052.7	53.789	10.209	14.335	1333.6	-0.065649	9.0903e-06	0.18900	vapor
307.63	1.0000	0.079813	12.529	2795.8	4065.3	53.830	10.211	14.337	1335.5	-0.065929	9.1081e-06	0.18943	vapor
308.51	1.0000	0.079586	12.565	2804.8	4078.0	53.871	10.214	14.340	1337.3	-0.066207	9.1259e-06	0.18985	vapor
309.39	1.0000	0.079360	12.601	2813.8	4090.6	53.912	10.217	14.343	1339.2	-0.066484	9.1436e-06	0.19027	vapor
310.27	1.0000	0.079135	12.637	2822.8	4103.2	53.953	10.220	14.345	1341.0	-0.066758	9.1614e-06	0.19069	vapor
311.15	1.0000	0.078911	12.673	2831.8	4115.8	53.993	10.222	14.348	1342.9	-0.067030	9.1791e-06	0.19109	vapor
312.03	1.0000	0.078688	12.708	2840.8	4128.5	54.034	10.225	14.351	1344.7	-0.067300	9.1969e-06	0.19150	vapor
312.91	1.0000	0.078467	12.744	2849.8	4141.1	54.074	10.227	14.353	1346.6	-0.067569	9.2146e-06	0.19190	vapor
313.79	1.0000	0.078247	12.780	2858.8	4153.7	54.115	10.230	14.356	1348.4	-0.067835	9.2322e-06	0.19231	vapor
314.67	1.0000	0.078029	12.816	2867.8	4166.3	54.155	10.232	14.358	1350.3	-0.068099	9.2499e-06	0.19271	vapor
315.55	1.0000	0.077811	12.852	2876.8	4179.0	54.195	10.235	14.361	1352.1	-0.068362	9.2676e-06	0.19312	vapor
316.43	1.0000	0.077595	12.887	2885.8	4191.6	54.235	10.237	14.363	1353.9	-0.068623	9.2852e-06	0.19352	vapor
317.31	1.0000	0.077380	12.923	2894.8	4204.3	54.275	10.240	14.365	1355.8	-0.068882	9.3028e-06	0.19393	vapor
318.19	1.0000	0.077166	12.959	2903.8	4216.9	54.315	10.242	14.368	1357.6	-0.069138	9.3204e-06	0.19434	vapor
319.07	1.0000	0.076953	12.995	2912.8	4229.6	54.354	10.244	14.370	1359.4	-0.069394	9.3380e-06	0.19474	vapor
319.95	1.0000	0.076741	13.031	2921.9	4242.2	54.394	10.247	14.372	1361.3	-0.069647	9.3556e-06	0.19515	vapor
320.83	1.0000	0.076531	13.067	2930.9	4254.8	54.433	10.249	14.374	1363.1	-0.069899	9.3731e-06	0.19559	vapor
321.71	1.0000	0.076322	13.102	2939.9	4267.5	54.473	10.251	14.377	1364.9	-0.070148	9.3907e-06	0.19604	vapor
322.59	1.0000	0.076114	13.138	2948.9	4280.1	54.512	10.253	14.379	1366.7	-0.070396	9.4082e-06	0.19649	vapor
323.47	1.0000	0.075907	13.174	2957.9	4292.8	54.551	10.255	14.381	1368.6	-0.070643	9.4257e-06	0.19694	vapor
324.35	1.0000	0.075701	13.210	2967.0	4305.5	54.590	10.257	14.383	1370.4	-0.070887	9.4432e-06	0.19739	vapor
325.23	1.0000	0.075496	13.246	2976.0	4318.1	54.629	10.259	14.385	1372.2	-0.071130	9.4607e-06	0.19784	vapor
326.11	1.0000	0.075292	13.282	2985.0	4330.8	54.668	10.262	14.387	1374.0	-0.071371	9.4781e-06	0.19829	vapor
326.99	1.0000	0.075090	13.317	2994.1	4343.4	54.707	10.264	14.389	1375.8	-0.071611	9.4956e-06	0.19874	vapor
327.87	1.0000	0.074888	13.353	3003.1	4356.1	54.745	10.266	14.391	1377.6	-0.071849	9.5130e-06	0.19919	vapor
328.75	1.0000	0.074688	13.389	3012.1	4368.8	54.784	10.267	14.393	1379.4	-0.072085	9.5304e-06	0.19964	vapor
329.63	1.0000	0.074489	13.425	3021.2	4381.4	54.823	10.269	14.395	1381.2	-0.072320	9.5478e-06	0.20009	vapor
330.51	1.0000	0.074291	13.461	3030.2	4394.1	54.861	10.271	14.397	1383.0	-0.072553	9.5652e-06	0.20054	vapor
331.39	1.0000	0.074093	13.496	3039.2	4406.8	54.899	10.273	14.399	1384.8	-0.072784	9.5825e-06	0.20098	vapor
332.27	1.0000	0.073897	13.532	3048.3	4419.4	54.937	10.275	14.400	1386.6	-0.073014	9.5999e-06	0.20142	vapor
333.15	1.0000	0.073702	13.568	3057.3	4432.1	54.975	10.277	14.402	1388.4	-0.073243	9.6172e-06	0.20186	vapor
334.03	1.0000	0.073508	13.604	3066.4	4444.8	55.013	10.278	14.404	1390.2	-0.073469	9.6345e-06	0.20230	vapor
334.91	1.0000	0.073315	13.640	3075.4	4457.5	55.051	10.280	14.406	1392.0	-0.073695	9.6518e-06	0.20274	vapor
335.79	1.0000	0.073123	13.676	3084.5	4470.1	55.089	10.282	14.407	1393.8	-0.073918	9.6691e-06	0.20319	vapor
336.67	1.0000	0.072932	13.711	3093.5	4482.8	55.127	10.284	14.409	1395.6	-0.074141	9.6864e-06	0.20363	vapor
337.55	1.0000	0.072742	13.747	3102.6	4495.5	55.164	10.285	14.411	1397.4	-0.074361	9.7036e-06	0.20407	vapor
338.43	1.0000	0.072553	13.783	3111.6	4508.2	55.202	10.287	14.412	1399.2	-0.074581	9.7209e-06	0.20451	vapor
339.31	1.0000	0.072365	13.819	3120.7	4520.9	55.239	10.288	14.414	1401.0	-0.074798	9.7381e-06	0.20495	vapor
340.19	1.0000	0.072177	13.855	3129.7	4533.6	55.277	10.290	14.415	1402.8	-0.075015	9.7553e-06	0.20539	vapor
341.07	1.0000	0.071991	13.891	3138.8	4546.2	55.314	10.292	14.417	1404.5	-0.075230	9.7725e-06	0.20584	vapor
341.95	1.0000	0.071806	13.926	3147.8	4558.9	55.351	10.293	14.418	1406.3	-0.075443	9.7897e-06	0.20628	vapor
342.83	1.0000	0.071622	13.962	3156.9	4571.6	55.388	10.295	14.420	1408.1	-0.075655	9.8068e-06	0.20672	vapor
343.71	1.0000	0.071439	13.998	3166.0	4584.3	55.425	10.296	14.421	1409.9	-0.075866	9.8240e-06	0.20716	vapor
344.59	1.0000	0.071256	14.034	3175.0	4597.0	55.462	10.297	14.423	1411.7	-0.076075	9.8411e-06	0.20760	vapor
345.47	1.0000	0.071075	14.070	3184.1	4609.7	55.499	10.299	14.424	1413.4	-0.076283	9.8582e-06	0.20805	vapor
346.35	1.0000	0.070894	14.106	3193.1	4622.4	55.536	10.300	14.426	1415.2	-0.076490	9.8753e-06	0.20849	vapor
347.23	1.0000	0.070715	14.141	3202.2	4635.1	55.572	10.302	14.427	1417.0	-0.076695	9.8924e-06	0.20893	vapor
348.11	1.0000	0.070536	14.177	3211.3	4647.8	55.609	10.303	14.428	1418.7	-0.076899	9.9095e-06	0.20937	vapor
348.99	1.0000	0.070358	14.213	3220.3	4660.5	55.645	10.304	14.429	1420.5	-0.077101	9.9265e-06	0.20982	vapor
349.87	1.0000	0.070181	14.249	3229.4	4673.2	55.681	10.305	14.431	1422.3	-0.077303	9.9436e-06	0.21026	vapor
350.75	1.0000	0.070005	14.285	3238.5	4685.9	55.718	10.307	14.432	1424.0	-0.077503	9.9606e-06	0.21069	vapor
351.63	1.0000	0.069830	14.320	3247.6	4698.6	55.754	10.308	14.433	1425.8	-0.077701	9.9776e-06	0.21113	vapor
352.51	1.0000	0.069656	14.356	3256.6	4711.3	55.790	10.309	14.434	1427.5	-0.077899	9.9946e-06	0.21156	vapor
353.39	1.0000	0.069483	14.392	3265.7	4724.0	55.826	10.310	14.436	1429.3	-0.078095	1.0012e-05	0.21200	vapor
354.27	1.0000	0.069310	14.428	3274.8	4736.7	55.862	10.312	14.437	1431.0	-0.078290	1.0029e-05	0.21243	vapor
355.15	1.0000	0.069138	14.464	3283.8	4749.4	55.898	10.313	14.438	1432.8	-0.078483	1.0046e-05	0.21286	vapor
356.03	1.0000	0.068968	14.500	3292.9	4762.1	55.933	10.314	14.439	1434.5	-0.078676	1.0062e-05	0.21330	vapor
356.91	1.0000	0.068798	14.535	3302.0	4774.8	55.969	10.315	14.440	1436.3	-0.078867	1.0079e-05	0.21373	vapor
357.79	1.0000	0.068628	14.571	3311.1	4787.5	56.005	10.316	14.441	1438.0	-0.079057	1.0096e-05	0.21417	vapor
358.67	1.0000	0.068460	14.607	3320.2	4800.2	56.040	10.317	14.442	1439.8	-0.079246	1.0113e-05	0.21460	vapor
359.55	1.0000	0.068293	14.643	3329.2	4812.9	56.075	10.318	14.443	1441.5	-0.079433	1.0130e-05	0.21503	vapor
360.43	1.0000	0.068126	14.679	3338.3	4825.6	56.111	10.319	14.444	1443.3	-0.079619	1.0147e-05	0.21546	vapor
361.31	1.0000	0.067960	14.714	3347.4	4838.3	56.146	10.320	14.445	1445.0	-0.079805	1.0164e-05	0.21586	vapor
362.19	1.0000	0.067795	14.750	3356.5	4851.1	56.181	10.321	14.446	1446.7	-0.079989	1.0181e-05	0.21627	vapor
363.07	1.0000	0.067631	14.786	3365.6	4863.8	56.216	10.322	14.447	1448.5	-0.080171	1.0198e-05	0.21668	vapor
363.95	1.0000	0.067467	14.822	3374.7	4876.5	56.251	10.323	14.448	1450.2	-0.080353	1.0214e-05	0.21709	vapor
364.83	1.0000	0.067305	14.858	3383.7	4889.2	56.286	10.324	14.449	1451.9	-0.080534	1.0231e-05	0.21750	vapor
365.71	1.0000	0.067143	14.894	3392.8	4901.9	56.321	10.325	14.450	1453.7	-0.080713	1.0248e-05	0.21791	vapor
366.59	1.0000	0.066982	14.929	3401.9	4914.6	56.356	10.326	14.451	1455.4	-0.080891	1.0265e-05	0.21831	vapor
367.47	1.0000	0.066821	14.965	3411.0	4927.4	56.390	10.327	14.452	1457.1	-0.081068	1.0281e-05	0.21872	vapor
368.35	1.0000	0.066662	15.001	3420.1	4940.1	56.425	10.328	14.453	1458.8	-0.081245	1.0298e-05	0.21913	vapor
369.23	1.0000	0.066503	15.037	3429.2	4952.8	56.459	10.329	14.454	1460.6	-0.081420	1.0315e-05	0.21954	vapor
370.11	1.0000	0.066345	15.073	3438.3	4965.5	56.494	10.329	14.454	1462.3	-0.081593	1.0332e-05	0.21995	vapor
370.99	1.0000	0.066188	15.109	3447.4	4978.2	56.528	10.330	14.455	1464.0	-0.081766	1.0348e-05	0.22038	vapor
371.87	1.0000	0.066031	15.144	3456.4	4991.0	56.562	10.331	14.456	1465.7	-0.081938	1.0365e-05	0.22080	vapor
372.75	1.0000	0.065875	15.180	3465.5	5003.7	56.596	10.332	14.457	1467.4	-0.082109	1.0382e-05	0.22123	vapor
373.63	1.0000	0.065720	15.216	3474.6	5016.4	56.631	10.333	14.458	1469.1	-0.082278	1.0398e-05	0.22166	vapor
374.51	1.0000	0.065566	15.252	3483.7	5029.1	56.665	10.333	14.458	1470.9	-0.082447	1.0415e-05	0.22208	vapor
375.39	1.0000	0.065412	15.288	3492.8	5041.8	56.698	10.334	14.459	1472.6	-0.082614	1.0432e-05	0.22251	vapor
376.27	1.0000	0.065259	15.323	3501.9	5054.6	56.732	10.335	14.460	1474.3	-0.082781	1.0448e-05	0.22293	vapor
377.15	1.0000	0.065107	15.359	3511.0	5067.3	56.766	10.336	14.461	1476.0	-0.082946	1.0465e-05	0.22336	vapor
378.03	1.0000	0.064956	15.395	3520.1	5080.0	56.800	10.336	14.461	1477.7	-0.083111	1.0482e-05	0.22379	vapor
378.91	1.0000	0.064805	15.431	3529.2	5092.7	56.833	10.337	14.462	1479.4	-0.083274	1.0498e-05	0.22421	vapor
379.79	1.0000	0.064655	15.467	3538.3	5105.5	56.867	10.338	14.463	1481.1	-0.083437	1.0515e-05	0.22464	vapor
380.67	1.0000	0.064505	15.503	3547.4	5118.2	56.900	10.338	14.463	1482.8	-0.083598	1.0531e-05	0.22506	vapor
381.55	1.0000	0.064357	15.538	3556.5	5130.9	56.934	10.339	14.464	1484.5	-0.083759	1.0548e-05	0.22546	vapor
382.43	1.0000	0.064209	15.574	3565.6	5143.7	56.967	10.339	14.464	1486.2	-0.083918	1.0564e-05	0.22587	vapor
383.31	1.0000	0.064061	15.610	3574.7	5156.4	57.000	10.340	14.465	1487.9	-0.084077	1.0581e-05	0.22628	vapor
384.19	1.0000	0.063915	15.646	3583.8	5169.1	57.034	10.341	14.466	1489.6	-0.084234	1.0597e-05	0.22669	vapor
385.07	1.0000	0.063769	15.682	3592.9	5181.8	57.067	10.341	14.466	1491.3	-0.084391	1.0614e-05	0.22710	vapor
385.95	1.0000	0.063623	15.718	3602.0	5194.6	57.100	10.342	14.467	1493.0	-0.084546	1.0630e-05	0.22751	vapor
386.83	1.0000	0.063479	15.753	3611.1	5207.3	57.133	10.342	14.467	1494.6	-0.084701	1.0647e-05	0.22792	vapor
387.71	1.0000	0.063335	15.789	3620.2	5220.0	57.166	10.343	14.468	1496.3	-0.084855	1.0663e-05	0.22833	vapor
388.59	1.0000	0.063191	15.825	3629.3	5232.8	57.198	10.344	14.469	1498.0	-0.085007	1.0680e-05	0.22874	vapor
389.47	1.0000	0.063048	15.861	3638.4	5245.5	57.231	10.344	14.469	1499.7	-0.085159	1.0696e-05	0.22915	vapor
390.35	1.0000	0.062906	15.897	3647.5	5258.2	57.264	10.345	14.470	1501.4	-0.085310	1.0713e-05	0.22956	vapor
391.23	1.0000	0.062765	15.932	3656.6	5271.0	57.296	10.345	14.470	1503.1	-0.085460	1.0729e-05	0.22997	vapor
392.11	1.0000	0.062624	15.968	3665.7	5283.7	57.329	10.346	14.471	1504.7	-0.085610	1.0745e-05	0.23038	vapor
392.99	1.0000	0.062484	16.004	3674.8	5296.4	57.361	10.346	14.471	1506.4	-0.085758	1.0762e-05	0.23079	vapor
393.87	1.0000	0.062344	16.040	3683.9	5309.2	57.394	10.347	14.472	1508.1	-0.085905	1.0778e-05	0.23120	vapor
394.75	1.0000	0.062206	16.076	3693.0	5321.9	57.426	10.347	14.472	1509.8	-0.086052	1.0794e-05	0.23161	vapor
395.63	1.0000	0.062067	16.112	3702.1	5334.6	57.458	10.348	14.473	1511.4	-0.086197	1.0811e-05	0.23202	vapor
396.51	1.0000	0.061930	16.147	3711.2	5347.4	57.490	10.348	14.473	1513.1	-0.086342	1.0827e-05	0.23243	vapor
397.39	1.0000	0.061792	16.183	3720.3	5360.1	57.522	10.349	14.473	1514.8	-0.086486	1.0843e-05	0.23284	vapor
398.27	1.0000	0.061656	16.219	3729.5	5372.8	57.554	10.349	14.474	1516.4	-0.086629	1.0860e-05	0.23325	vapor
399.15	1.0000	0.061520	16.255	3738.6	5385.6	57.586	10.349	14.474	1518.1	-0.086771	1.0876e-05	0.23366	vapor
